
10007
1001
10013
10038
10046
10049
10051
10057
10058
10059
10099
10112
10123
10131
10146
10150
10153
10165
1017
10174
10180
1019
10190
102
10206
1021
1022
10221
10227
10237
10245
1026
1027
10270
10273
10276
10285
1029
10298
10318
10320
10329
10362
10398
10434
10450
10451
10489
10491
10493
10494
1050
10513
1052
10523
10525
10557
10559
10589
10606
10610
10617
1062
10641
10644
10652
10668
10670
10681
10682
10695
1070
10730
10732
10765
10775
10776
10782
10797
10810
10813
10818
10845
10857
10892
10898
10904
10915
10921
10953
10954
10962
10969
10972
10973
11000
11004
11007
11011
11014
11031
11041
11044
11065
11072
11073
11098
1111
11137
11142
11151
11157
11168
11182
11188
11200
1123
11230
11232
11261
11284
11319
11325
11344
1153
116832
1212
1213
124583
1277
128
1282
1385
1398
1399
142
1429
1445
1452
1454
1459
1465
147179
148022
1500
1509
1514
1534
154
16
1605
1616
1633
1635
1643
1647
1662
1666
1676
1677
1738
1759
178
1786
1788
1802
1829
1831
1845
1846
1848
1861
1870
1891
1906
1950
1956
1958
1978
1981
1983
1994
200081
200734
2017
2037
2042
2048
2058
2063
2064
2065
207
2109
211
2113
2115
2131
2146
2184
2185
2195
2222
226
2263
2264
2274
22794
22796
22809
22823
22827
22841
2288
22883
22887
22889
22905
22908
22926
22934
23
230
23011
23013
23014
23029
23038
23039
23061
23076
23077
2309
23097
23131
23139
23142
23149
23161
23200
23210
23212
23223
23224
23244
23271
23300
23321
23325
23326
23335
23338
23365
23368
23378
23386
23410
23443
23463
23499
23512
23522
2353
23530
23536
2356
23585
23588
23597
23635
23636
23647
23658
23659
23670
24149
25
2523
2534
2542
2548
2553
256364
25793
25803
25805
2582
25825
25839
25874
25932
25966
2597
25976
25987
26001
26020
26036
26054
26064
26128
26136
26227
2624
2625
26292
26511
26520
2673
2690
26993
27032
27095
27109
27242
27244
27336
27346
2736
2745
2767
2769
2770
2771
2778
2810
2817
2852
2886
2887
2896
28969
2908
29082
29083
291
29103
2920
2946
2954
2956
2958
2961
29763
29890
29911
29916
29928
29937
29978
30
30001
3028
3033
3066
30836
30849
3091
3098
310
3108
3122
3156
3157
3162
3202
3206
323
3251
3280
329
3300
3303
3308
3312
3315
332
3329
3337
3383
3385
3398
3416
3454
348
3480
3482
3486
3508
351
355
3551
3553
3566
3597
3611
3628
3638
3682
3693
3725
375346
3775
3800
3815
387
388650
3895
39
3909
392
3925
3930
3964
3978
3988
4016
4043
4067
4088
4125
4144
4154
4172
4200
4208
4216
4232
427
4282
4303
4312
4313
4331
4482
4582
4605
4609
4616
4638
4651
466
4690
47
4775
4776
4780
4783
4791
4792
4793
4794
481
4817
4836
4846
4850
4851
4860
4864
4891
4893
4925
4927
4931
4998
501
5018
5019
5048
5050
5054
5058
50810
50813
50814
50865
5092
5096
51001
51005
51015
51021
51024
51026
51031
51053
51056
5106
51070
51071
5108
51097
5110
5111
51116
51160
51170
51203
51282
51293
51335
51375
51382
51385
51422
51465
51466
51495
5154
51569
51599
51635
51719
51742
5211
5223
5236
5255
5257
5261
5287
5289
5290
5300
5321
533
5331
53343
5347
5355
5357
5359
5366
5373
54205
5423
5427
5438
54386
5440
54438
54442
54499
54505
54512
54541
54623
5467
5468
54681
54733
5480
54807
54850
54881
54915
54957
5498
55008
55011
55012
55033
55038
55111
55127
55129
55148
55179
5525
55256
5529
55324
5547
55556
55604
55608
55620
5566
55699
55746
55748
55793
5580
55818
55825
5583
55837
55847
5588
55893
55958
5601
5603
5607
5613
5627
5641
5654
56654
56889
56924
56940
5696
5699
56997
57019
57048
5708
5710
57147
57149
5715
5716
57178
57192
572
5720
5721
57215
57406
5743
5747
5770
57761
5777
57804
5782
5788
5792
5796
581
5827
5829
5831
5836
58472
58478
58497
58533
5867
5873
5880
5883
5889
5891
5898
5899
5900
5909
5921
5925
5927
595
596
5971
5982
5985
5986
5993
5997
6009
60493
6050
60528
6117
6118
6119
6182
6184
6193
6194
6195
622
6251
6253
6275
6284
6304
6342
6347
637
63874
6390
63933
64080
642
644
64422
64428
64429
6443
6461
6464
64746
64781
64943
6499
6500
65057
6509
65123
652
6597
6599
66008
6603
6616
6622
664
665
6657
6659
6676
6696
6697
670
6709
6714
672
6772
6774
6777
6790
6793
6804
6810
6812
6813
6832
6839
6850
6856
6894
6908
6909
6915
6919
6944
695
6988
6990
701
7015
7016
7020
7027
7043
7048
7074
7077
7082
7088
7099
7105
7106
7153
7157
7158
7159
7165
7168
7264
727
7296
7319
7358
7376
7398
7416
7466
7485
7494
7511
7538
7690
7750
780
7849
7852
7866
7867
7874
79006
7905
79071
79073
79080
79090
79094
79143
79170
79174
79187
79600
79643
79716
7982
79850
79902
79921
7994
79947
79961
80204
80212
80347
80349
8050
8061
80746
80758
808
8091
813
81533
81544
8202
8204
823
8243
8270
831
8312
8318
8321
8324
8349
835
836
83743
8396
840
84159
843
8440
8444
8446
84617
847
84722
8480
84890
8503
8508
8518
8520
85236
85377
8550
8553
8569
8573
8574
8607
8624
8678
868
8720
8726
8727
873
8731
874
8800
8804
8821
8826
8835
8837
8851
8869
8870
8878
8884
8895
890
8900
891
8914
896
8974
8985
899
89910
8996
9016
9019
902
9053
90861
9093
9097
9112
91137
9124
9126
9128
9133
9134
9143
9170
9181
9183
91949
9212
9217
9221
9246
9261
9267
9270
9275
9276
9289
93487
93594
9375
94239
9448
9455
9467
9488
949
9491
9517
9519
9531
9533
9552
958
960
9637
9641
965
9650
9653
9670
9686
9688
9690
9695
9697
9702
9703
9709
9710
9712
9738
976
9761
9797
9801
9805
9813
9817
983
9833
9842
9847
9851
9854
9868
9897
9903
991
9915
9917
9918
9924
9926
9928
993
994
9943
9961
998
9988